437	250.0 
437	458.0 
437	254.0 
437	379.0 
437	514.0 
437	244.0 
437	390.0 
437	318.0 
437	352.0 
437	308.0 
437	243.0 
437	491.0 
437	509.0 
437	512.0 
437	408.0 
437	479.0 
437	290.0 
437	384.0 
437	476.0 
437	294.0 
437	329.0 
437	494.0 
437	284.0 
589	250.0 
306	250.0 
591	250.0 
511	250.0 
354	250.0 
518	250.0 
468	250.0 
343	250.0 
349	250.0 
600	250.0 
301	250.0 
393	250.0 
492	250.0 
409	250.0 
571	250.0 
340	250.0 
603	250.0 
423	250.0 
309	250.0 
612	250.0 
532	250.0 
336	250.0 
310	250.0 
734	751.0 
778	751.0 
773	751.0 
790	751.0 
835	751.0 
703	751.0 
732	751.0 
740	751.0 
721	751.0 
836	751.0 
657	751.0 
342	731.0 
354	731.0 
250	731.0 
116	731.0 
224	731.0 
343	731.0 
209	731.0 
330	731.0 
315	731.0 
99	731.0 
245	731.0 
268	731.0 
393	731.0 
287	731.0 
249	731.0 
239	731.0 
118	731.0 
309	731.0 
336	731.0 
395	731.0 
749	957.0 
557	759.0 
557	773.0 
589	458.0 
589	254.0 
589	275.0 
589	379.0 
589	514.0 
589	98.0 
589	139.0 
589	558.0 
589	390.0 
589	318.0 
589	352.0 
589	95.0 
589	575.0 
589	613.0 
589	131.0 
589	512.0 
589	408.0 
589	479.0 
589	290.0 
589	140.0 
589	583.0 
589	135.0 
589	528.0 
589	384.0 
589	385.0 
589	115.0 
589	308.0 
589	294.0 
589	170.0 
589	151.0 
589	476.0 
589	437.0 
589	616.0 
589	525.0 
589	83.0 
589	329.0 
589	494.0 
589	284.0 
589	166.0 
762	624.0 
802	624.0 
741	624.0 
778	624.0 
800	624.0 
773	624.0 
790	624.0 
732	624.0 
755	624.0 
740	624.0 
721	624.0 
342	458.0 
471	458.0 
238	458.0 
306	458.0 
591	458.0 
511	458.0 
354	458.0 
430	458.0 
386	458.0 
250	458.0 
224	458.0 
343	458.0 
166	458.0 
245	458.0 
349	458.0 
600	458.0 
358	458.0 
301	458.0 
268	458.0 
400	458.0 
393	458.0 
412	458.0 
546	458.0 
409	458.0 
549	458.0 
249	458.0 
571	458.0 
239	458.0 
340	458.0 
423	458.0 
309	458.0 
548	458.0 
336	458.0 
310	458.0 
518	458.0 
375	458.0 
342	703.0 
354	703.0 
430	703.0 
418	703.0 
250	703.0 
224	703.0 
343	703.0 
330	703.0 
315	703.0 
245	703.0 
268	703.0 
209	703.0 
210	703.0 
211	703.0 
212	703.0 
213	703.0 
214	703.0 
215	703.0 
216	703.0 
217	703.0 
218	703.0 
219	703.0 
220	703.0 
221	703.0 
222	703.0 
223	703.0 
225	703.0 
226	703.0 
227	703.0 
228	703.0 
229	703.0 
230	703.0 
231	703.0 
232	703.0 
233	703.0 
234	703.0 
235	703.0 
236	703.0 
237	703.0 
238	703.0 
239	703.0 
240	703.0 
241	703.0 
242	703.0 
243	703.0 
244	703.0 
246	703.0 
247	703.0 
248	703.0 
249	703.0 
251	703.0 
252	703.0 
253	703.0 
254	703.0 
255	703.0 
256	703.0 
257	703.0 
258	703.0 
259	703.0 
260	703.0 
261	703.0 
262	703.0 
263	703.0 
264	703.0 
265	703.0 
266	703.0 
267	703.0 
269	703.0 
270	703.0 
271	703.0 
272	703.0 
273	703.0 
274	703.0 
275	703.0 
276	703.0 
277	703.0 
278	703.0 
279	703.0 
280	703.0 
281	703.0 
282	703.0 
283	703.0 
284	703.0 
285	703.0 
286	703.0 
287	703.0 
288	703.0 
289	703.0 
290	703.0 
291	703.0 
292	703.0 
293	703.0 
294	703.0 
295	703.0 
296	703.0 
297	703.0 
298	703.0 
299	703.0 
300	703.0 
301	703.0 
302	703.0 
303	703.0 
304	703.0 
305	703.0 
306	703.0 
307	703.0 
308	703.0 
309	703.0 
310	703.0 
311	703.0 
312	703.0 
313	703.0 
314	703.0 
316	703.0 
317	703.0 
318	703.0 
319	703.0 
320	703.0 
321	703.0 
322	703.0 
323	703.0 
324	703.0 
325	703.0 
326	703.0 
327	703.0 
328	703.0 
329	703.0 
331	703.0 
332	703.0 
333	703.0 
334	703.0 
335	703.0 
336	703.0 
337	703.0 
338	703.0 
339	703.0 
340	703.0 
341	703.0 
344	703.0 
345	703.0 
346	703.0 
347	703.0 
348	703.0 
349	703.0 
350	703.0 
393	703.0 
409	703.0 
395	703.0 
762	415.0 
802	415.0 
866	415.0 
754	415.0 
906	415.0 
778	415.0 
800	415.0 
918	415.0 
790	415.0 
748	415.0 
891	415.0 
755	415.0 
920	415.0 
895	415.0 
898	415.0 
911	415.0 
941	415.0 
836	415.0 
943	415.0 
245	339.0 
268	339.0 
249	339.0 
239	339.0 
511	524.0 
490	524.0 
518	524.0 
306	254.0 
591	254.0 
511	254.0 
354	254.0 
518	254.0 
468	254.0 
343	254.0 
349	254.0 
600	254.0 
301	254.0 
400	254.0 
393	254.0 
492	254.0 
409	254.0 
571	254.0 
340	254.0 
603	254.0 
423	254.0 
309	254.0 
612	254.0 
532	254.0 
336	254.0 
310	254.0 
591	275.0 
795	275.0 
754	275.0 
800	275.0 
634	275.0 
695	275.0 
833	275.0 
600	275.0 
748	275.0 
571	275.0 
755	275.0 
740	275.0 
603	275.0 
687	275.0 
721	275.0 
612	275.0 
657	275.0 
696	884.0 
696	885.0 
342	691.0 
342	759.0 
342	514.0 
342	678.0 
342	633.0 
342	558.0 
342	663.0 
342	533.0 
342	608.0 
342	669.0 
342	491.0 
342	575.0 
342	509.0 
342	512.0 
342	740.0 
342	714.0 
342	583.0 
342	718.0 
342	528.0 
342	699.0 
342	713.0 
342	775.0 
342	476.0 
342	616.0 
342	656.0 
342	525.0 
342	494.0 
342	802.0 
342	717.0 
342	681.0 
471	691.0 
591	691.0 
354	691.0 
430	691.0 
418	691.0 
603	691.0 
250	691.0 
224	691.0 
778	691.0 
343	691.0 
773	691.0 
166	691.0 
790	691.0 
619	691.0 
315	691.0 
99	691.0 
600	691.0 
245	691.0 
268	691.0 
393	691.0 
546	691.0 
409	691.0 
549	691.0 
249	691.0 
703	691.0 
571	691.0 
732	691.0 
740	691.0 
239	691.0 
118	691.0 
309	691.0 
721	691.0 
604	691.0 
548	691.0 
336	691.0 
310	691.0 
395	691.0 
657	691.0 
80	379.0 
80	491.0 
80	284.0 
80	222.0 
762	514.0 
762	558.0 
762	507.0 
762	390.0 
762	613.0 
762	512.0 
762	479.0 
762	385.0 
762	408.0 
762	402.0 
762	476.0 
762	437.0 
762	616.0 
762	525.0 
591	39.0 
468	39.0 
463	39.0 
409	39.0 
471	825.0 
591	825.0 
734	825.0 
603	825.0 
703	825.0 
740	825.0 
721	825.0 
604	825.0 
469	825.0 
657	825.0 
306	167.0 
354	167.0 
343	167.0 
349	167.0 
301	167.0 
310	167.0 
306	379.0 
591	379.0 
511	379.0 
354	379.0 
250	379.0 
224	379.0 
518	379.0 
343	379.0 
362	379.0 
625	379.0 
166	379.0 
245	379.0 
695	379.0 
349	379.0 
600	379.0 
358	379.0 
301	379.0 
268	379.0 
400	379.0 
393	379.0 
412	379.0 
100	379.0 
546	379.0 
609	379.0 
409	379.0 
549	379.0 
249	379.0 
571	379.0 
740	379.0 
239	379.0 
340	379.0 
24	379.0 
118	379.0 
423	379.0 
687	379.0 
309	379.0 
721	379.0 
612	379.0 
40	379.0 
389	379.0 
532	379.0 
548	379.0 
336	379.0 
94	379.0 
310	379.0 
657	379.0 
942	43.0 
942	65.0 
802	324.0 
802	514.0 
802	558.0 
802	507.0 
802	390.0 
802	613.0 
802	512.0 
802	479.0 
802	435.0 
802	385.0 
802	350.0 
802	402.0 
802	437.0 
802	616.0 
802	656.0 
802	525.0 
802	329.0 
471	759.0 
591	759.0 
354	759.0 
430	759.0 
418	759.0 
603	759.0 
330	759.0 
619	759.0 
393	759.0 
416	759.0 
604	759.0 
336	759.0 
469	759.0 
395	759.0 
657	759.0 
281	915.0 
281	905.0 
281	890.0 
281	988.0 
281	948.0 
281	951.0 
281	957.0 
471	514.0 
471	633.0 
471	558.0 
471	663.0 
471	533.0 
471	608.0 
471	541.0 
471	885.0 
471	491.0 
471	575.0 
471	509.0 
471	613.0 
471	839.0 
471	512.0 
471	740.0 
471	479.0 
471	714.0 
471	905.0 
471	583.0 
471	733.0 
471	718.0 
471	528.0 
471	890.0 
471	699.0 
471	476.0 
471	713.0 
471	775.0 
471	616.0 
471	656.0 
471	525.0 
471	872.0 
471	494.0 
471	894.0 
471	681.0 
238	514.0 
238	633.0 
238	663.0 
238	533.0 
238	608.0 
238	491.0 
238	528.0 
238	476.0 
238	656.0 
238	494.0 
238	580.0 
907	324.0 
907	290.0 
907	308.0 
907	294.0 
907	329.0 
306	514.0 
306	139.0 
306	166.0 
306	304.0 
306	558.0 
306	533.0 
306	308.0 
306	243.0 
306	187.0 
306	491.0 
306	131.0 
306	512.0 
306	408.0 
306	290.0 
306	528.0 
306	384.0 
306	244.0 
306	151.0 
306	476.0 
306	525.0 
306	266.0 
306	329.0 
306	494.0 
306	284.0 
166	175 
166	176 
166	177 
166	178 
166	179 
166	180 
166	181 
166	182 
166	183 
166	184 
166	185 
166	186 
166	187 
166	188 
166	189 
166	190 
166	191 
166	192 
166	193 
166	194 
166	195 
166	196 
166	197 
166	198 
166	199 
166	200 
166	201 
166	202 
166	203 
166	204 
166	205 
166	206 
166	207 
166	208 
166	209 
166	210 
166	211 
166	212 
166	213 
166	214 
166	215 
166	216 
166	217 
166	218 
166	219 
166	220 
166	221 
166	222 
166	223 
166	224 
166	225 
166	226 
166	227 
166	228 
166	229 
166	230 
166	231 
166	232 
166	233 
166	234 
166	235 
166	236 
166	237 
166	238 
166	239 
166	240 
166	241 
166	242 
166	243 
166	244 
166	245 
166	246 
166	247 
166	248 
166	249 
166	250 
166	251 
166	252 
166	253 
166	254 
166	255 
166	256 
166	257 
166	258 
166	259 
166	260 
166	261 
166	262 
166	263 
166	264 
166	265 
166	266 
166	267 
166	268 
166	269 
166	270 
166	271 
166	272 
166	273 
166	274 
166	275 
166	276 
166	277 
166	244.0 
166	266.0 
591	514.0 
591	98.0 
591	139.0 
591	633.0 
591	558.0 
591	43.0 
591	390.0 
591	318.0 
591	352.0 
591	95.0 
591	53.0 
591	575.0 
591	613.0 
591	131.0 
591	839.0 
591	512.0 
591	408.0 
591	740.0 
591	479.0 
591	290.0 
591	714.0 
591	140.0 
591	583.0 
591	733.0 
591	718.0 
591	135.0 
591	528.0 
591	384.0 
591	385.0 
591	652.0 
591	115.0 
591	308.0 
591	294.0 
591	713.0 
591	170.0 
591	34.0 
591	707.0 
591	151.0 
591	476.0 
591	437.0 
591	616.0 
591	656.0 
591	525.0 
591	83.0 
591	329.0 
591	494.0 
591	284.0 
591	166.0 
866	324.0 
795	324.0 
906	324.0 
800	324.0 
790	324.0 
891	324.0 
895	324.0 
898	324.0 
911	324.0 
866	245.0 
795	245.0 
800	245.0 
833	245.0 
832	245.0 
734	884.0 
603	884.0 
557	884.0 
569	884.0 
604	884.0 
657	884.0 
418	967.0 
557	967.0 
557	944.0 
657	944.0 
792	514.0 
792	507.0 
792	512.0 
792	525.0 
215	139.0 
215	131.0 
215	115.0 
215	83.0 
215	65.0 
511	514.0 
511	244.0 
511	558.0 
511	390.0 
511	318.0 
511	533.0 
511	352.0 
511	308.0 
511	243.0 
511	491.0 
511	509.0 
511	512.0 
511	408.0 
511	479.0 
511	290.0 
511	528.0 
511	384.0 
511	476.0 
511	294.0 
511	525.0 
511	329.0 
511	494.0 
511	284.0 
511	435.0 
354	514.0 
866	514.0 
430	514.0 
386	514.0 
603	514.0 
250	514.0 
224	514.0 
778	514.0 
343	514.0 
800	514.0 
625	514.0 
669	514.0 
773	514.0 
166	514.0 
245	514.0 
790	514.0 
619	514.0 
688	514.0 
315	514.0 
695	514.0 
349	514.0 
600	514.0 
875	514.0 
358	514.0 
301	514.0 
268	514.0 
630	514.0 
393	514.0 
412	514.0 
546	514.0 
409	514.0 
549	514.0 
249	514.0 
571	514.0 
732	514.0 
755	514.0 
740	514.0 
239	514.0 
184	514.0 
118	514.0 
423	514.0 
309	514.0 
721	514.0 
604	514.0 
836	514.0 
612	514.0 
548	514.0 
336	514.0 
310	514.0 
657	514.0 
518	514.0 
354	139.0 
354	166.0 
354	304.0 
354	678.0 
354	633.0 
354	558.0 
354	390.0 
354	663.0 
354	533.0 
354	352.0 
354	308.0 
354	243.0 
354	608.0 
354	669.0 
354	187.0 
354	491.0 
354	53.0 
354	575.0 
354	509.0 
354	131.0 
354	512.0 
354	408.0 
354	740.0 
354	479.0 
354	290.0 
354	714.0 
354	221.0 
354	583.0 
354	718.0 
354	528.0 
354	384.0 
354	115.0 
354	699.0 
354	244.0 
354	713.0 
354	170.0 
354	775.0 
354	151.0 
354	476.0 
354	616.0 
354	656.0 
354	525.0 
354	83.0 
354	65.0 
354	329.0 
354	494.0 
354	284.0 
354	717.0 
354	681.0 
866	558.0 
866	390.0 
866	785.0 
866	613.0 
866	839.0 
866	290.0 
866	718.0 
866	385.0 
866	350.0 
866	872.0 
866	308.0 
866	294.0 
866	740.0 
866	694.0 
866	525.0 
866	329.0 
866	894.0 
866	284.0 
866	849.0 
866	957.0 
866	616.0 
625	315.0 
634	315.0 
695	315.0 
687	315.0 
721	315.0 
657	315.0 
734	907.0 
734	885.0 
734	934.0 
734	785.0 
734	839.0 
734	893.0 
734	732.0 
734	905.0 
734	733.0 
734	718.0 
734	908.0 
734	784.0 
734	713.0 
734	740.0 
734	772.0 
734	804.0 
734	894.0 
734	849.0 
653	98.0 
795	98.0 
768	98.0 
695	98.0 
914	98.0 
600	98.0 
891	98.0 
740	98.0 
603	98.0 
895	98.0 
911	98.0 
649	98.0 
729	98.0 
832	98.0 
834	98.0 
518	139.0 
468	139.0 
166	139.0 
245	139.0 
349	139.0 
600	139.0 
301	139.0 
409	139.0 
249	139.0 
239	139.0 
603	139.0 
211	139.0 
532	139.0 
263	139.0 
310	139.0 
430	678.0 
430	633.0 
430	558.0 
430	663.0 
430	533.0 
430	608.0 
430	669.0 
430	541.0 
430	885.0 
430	491.0 
430	575.0 
430	509.0 
430	613.0 
430	839.0 
430	512.0 
430	740.0 
430	479.0 
430	714.0 
430	583.0 
430	718.0 
430	528.0 
430	890.0 
430	699.0 
430	476.0 
430	713.0 
430	775.0 
430	616.0 
430	656.0 
430	525.0 
430	872.0 
430	494.0 
430	681.0 
653	95.0 
653	131.0 
653	140.0 
653	115.0 
653	83.0 
518	244.0 
468	244.0 
393	244.0 
492	244.0 
409	244.0 
526	244.0 
525	244.0 
524	244.0 
523	244.0 
522	244.0 
521	244.0 
520	244.0 
519	244.0 
517	244.0 
516	244.0 
515	244.0 
514	244.0 
513	244.0 
512	244.0 
510	244.0 
509	244.0 
508	244.0 
507	244.0 
506	244.0 
505	244.0 
504	244.0 
503	244.0 
502	244.0 
501	244.0 
500	244.0 
499	244.0 
498	244.0 
497	244.0 
496	244.0 
495	244.0 
494	244.0 
493	244.0 
491	244.0 
490	244.0 
489	244.0 
488	244.0 
487	244.0 
486	244.0 
485	244.0 
484	244.0 
483	244.0 
482	244.0 
481	244.0 
480	244.0 
479	244.0 
478	244.0 
477	244.0 
476	244.0 
475	244.0 
474	244.0 
473	244.0 
472	244.0 
471	244.0 
470	244.0 
469	244.0 
467	244.0 
466	244.0 
465	244.0 
464	244.0 
463	244.0 
462	244.0 
461	244.0 
460	244.0 
459	244.0 
458	244.0 
457	244.0 
456	244.0 
455	244.0 
454	244.0 
453	244.0 
452	244.0 
451	244.0 
450	244.0 
449	244.0 
448	244.0 
447	244.0 
446	244.0 
445	244.0 
444	244.0 
443	244.0 
442	244.0 
441	244.0 
440	244.0 
439	244.0 
438	244.0 
436	244.0 
435	244.0 
434	244.0 
433	244.0 
432	244.0 
431	244.0 
430	244.0 
429	244.0 
428	244.0 
427	244.0 
426	244.0 
425	244.0 
424	244.0 
423	244.0 
422	244.0 
421	244.0 
420	244.0 
419	244.0 
418	244.0 
417	244.0 
416	244.0 
415	244.0 
414	244.0 
413	244.0 
412	244.0 
411	244.0 
410	244.0 
408	244.0 
407	244.0 
406	244.0 
405	244.0 
404	244.0 
403	244.0 
402	244.0 
401	244.0 
400	244.0 
399	244.0 
398	244.0 
397	244.0 
396	244.0 
395	244.0 
394	244.0 
392	244.0 
391	244.0 
390	244.0 
389	244.0 
388	244.0 
387	244.0 
386	244.0 
385	244.0 
384	244.0 
383	244.0 
382	244.0 
381	244.0 
380	244.0 
379	244.0 
378	244.0 
377	244.0 
376	244.0 
375	244.0 
374	244.0 
373	244.0 
372	244.0 
371	244.0 
370	244.0 
369	244.0 
368	244.0 
367	244.0 
366	244.0 
365	244.0 
364	244.0 
363	244.0 
362	244.0 
386	633.0 
386	558.0 
386	663.0 
386	533.0 
386	608.0 
386	669.0 
386	541.0 
386	491.0 
386	575.0 
386	509.0 
386	613.0 
386	512.0 
386	479.0 
386	583.0 
386	528.0 
386	476.0 
386	616.0 
386	656.0 
386	525.0 
386	494.0 
795	390.0 
795	95.0 
795	290.0 
795	385.0 
795	115.0 
795	350.0 
795	308.0 
795	294.0 
795	329.0 
795	114.0 
795	284.0 
795	166.0 
741	558.0 
741	613.0 
741	583.0 
741	616.0 
741	656.0 
741	525.0 
468	166.0 
343	166.0 
166	166.0 
245	166.0 
349	166.0 
301	166.0 
409	166.0 
249	166.0 
239	166.0 
423	166.0 
211	166.0 
310	166.0 
374	166.0 
375	166.0 
376	166.0 
377	166.0 
378	166.0 
379	166.0 
380	166.0 
381	166.0 
382	166.0 
383	166.0 
384	166.0 
385	166.0 
386	166.0 
387	166.0 
388	166.0 
389	166.0 
390	166.0 
391	166.0 
392	166.0 
393	166.0 
394	166.0 
395	166.0 
396	166.0 
397	166.0 
398	166.0 
399	166.0 
400	166.0 
401	166.0 
402	166.0 
403	166.0 
404	166.0 
405	166.0 
406	166.0 
407	166.0 
408	166.0 
410	166.0 
411	166.0 
412	166.0 
413	166.0 
414	166.0 
415	166.0 
416	166.0 
417	166.0 
418	166.0 
419	166.0 
420	166.0 
421	166.0 
422	166.0 
424	166.0 
425	166.0 
426	166.0 
427	166.0 
428	166.0 
429	166.0 
430	166.0 
431	166.0 
432	166.0 
433	166.0 
434	166.0 
435	166.0 
436	166.0 
437	166.0 
438	166.0 
439	166.0 
440	166.0 
441	166.0 
442	166.0 
443	166.0 
444	166.0 
445	166.0 
446	166.0 
447	166.0 
448	166.0 
449	166.0 
450	166.0 
451	166.0 
452	166.0 
453	166.0 
454	166.0 
455	166.0 
456	166.0 
457	166.0 
458	166.0 
459	166.0 
460	166.0 
461	166.0 
462	166.0 
463	166.0 
464	166.0 
465	166.0 
466	166.0 
467	166.0 
469	166.0 
470	166.0 
418	678.0 
418	633.0 
418	663.0 
418	608.0 
418	669.0 
418	885.0 
418	575.0 
418	613.0 
418	839.0 
418	740.0 
418	714.0 
418	905.0 
418	583.0 
418	718.0 
418	890.0 
418	908.0 
418	699.0 
418	713.0 
418	775.0 
418	948.0 
418	616.0 
418	656.0 
418	951.0 
418	872.0 
418	894.0 
418	681.0 
418	957.0 
603	633.0 
603	558.0 
603	885.0 
603	575.0 
603	613.0 
603	839.0 
603	512.0 
603	740.0 
603	479.0 
603	714.0 
603	905.0 
603	583.0 
603	733.0 
603	718.0 
603	528.0 
603	890.0 
603	652.0 
603	908.0 
603	713.0 
603	707.0 
603	476.0 
603	437.0 
603	616.0 
603	656.0 
603	525.0 
603	872.0 
603	494.0 
603	894.0 
343	304.0 
362	304.0 
245	304.0 
349	304.0 
358	304.0 
301	304.0 
268	304.0 
249	304.0 
244	304.0 
239	304.0 
340	304.0 
219	304.0 
309	304.0 
336	304.0 
310	304.0 
754	507.0 
754	390.0 
754	352.0 
754	479.0 
754	290.0 
754	385.0 
754	350.0 
754	408.0 
754	402.0 
754	308.0 
754	294.0 
754	476.0 
754	437.0 
754	329.0 
754	284.0 
754	166.0 
343	678.0 
315	678.0 
393	678.0 
409	678.0 
423	678.0 
309	678.0 
336	678.0 
310	678.0 
395	678.0 
250	633.0 
224	633.0 
343	633.0 
619	633.0 
315	633.0 
600	633.0 
358	633.0 
268	633.0 
393	633.0 
546	633.0 
409	633.0 
549	633.0 
249	633.0 
571	633.0 
239	633.0 
423	633.0 
309	633.0 
604	633.0 
548	633.0 
336	633.0 
310	633.0 
395	633.0 
250	663.0 
250	533.0 
250	608.0 
250	915.0 
250	491.0 
250	839.0 
250	680.0 
250	714.0 
250	905.0 
250	718.0 
250	528.0 
250	890.0 
250	384.0 
250	699.0 
250	775.0 
250	476.0 
250	948.0 
250	656.0 
250	951.0 
250	872.0 
250	494.0 
250	802.0 
250	717.0 
250	681.0 
778	558.0 
343	558.0 
800	558.0 
625	558.0 
669	558.0 
882	558.0 
773	558.0 
790	558.0 
619	558.0 
688	558.0 
315	558.0 
695	558.0 
600	558.0 
875	558.0 
358	558.0 
393	558.0 
412	558.0 
546	558.0 
409	558.0 
549	558.0 
571	558.0 
732	558.0 
755	558.0 
740	558.0 
854	558.0 
895	558.0 
898	558.0 
423	558.0 
309	558.0 
721	558.0 
604	558.0 
836	558.0 
548	558.0 
336	558.0 
310	558.0 
395	558.0 
657	558.0 
518	558.0 
778	507.0 
800	507.0 
773	507.0 
790	507.0 
695	507.0 
732	507.0 
755	507.0 
740	507.0 
721	507.0 
116	915.0 
116	885.0 
116	839.0 
116	890.0 
116	775.0 
116	948.0 
116	951.0 
116	872.0 
958	43.0 
891	43.0 
895	43.0 
729	43.0 
943	43.0 
834	43.0 
224	663.0 
224	533.0 
224	608.0 
224	491.0 
224	472.0 
224	839.0 
224	680.0 
224	714.0 
224	528.0 
224	384.0 
224	699.0 
224	775.0 
224	476.0 
224	656.0 
224	494.0 
224	802.0 
224	681.0 
768	95.0 
768	140.0 
768	115.0 
768	114.0 
768	166.0 
518	390.0 
518	318.0 
518	352.0 
518	243.0 
518	131.0 
518	408.0 
518	290.0 
518	140.0 
518	135.0 
518	384.0 
518	308.0 
518	294.0 
518	170.0 
518	151.0 
518	329.0 
518	284.0 
518	166.0 
518	414 
518	413 
518	412 
518	411 
518	410 
518	409 
518	408 
518	407 
518	406 
518	405 
518	404 
518	403 
518	402 
518	401 
518	400 
518	399 
518	398 
518	397 
518	396 
518	395 
518	394 
518	393 
518	392 
918	824.0 
906	390.0 
778	390.0 
343	390.0 
800	390.0 
362	390.0 
625	390.0 
669	390.0 
918	390.0 
790	390.0 
695	390.0 
349	390.0 
600	390.0 
358	390.0 
400	390.0 
748	390.0 
393	390.0 
412	390.0 
546	390.0 
609	390.0 
409	390.0 
549	390.0 
958	390.0 
571	390.0 
891	390.0 
755	390.0 
740	390.0 
340	390.0 
920	390.0 
895	390.0 
898	390.0 
911	390.0 
423	390.0 
721	390.0 
836	390.0 
612	390.0 
389	390.0 
532	390.0 
548	390.0 
336	390.0 
943	390.0 
657	390.0 
375	390.0 
960	577.0 
468	95.0 
468	243.0 
468	53.0 
468	131.0 
468	140.0 
468	135.0 
468	115.0 
468	170.0 
468	83.0 
468	151.0 
468	65.0 
625	318.0 
634	318.0 
695	318.0 
600	318.0 
546	318.0 
492	318.0 
571	318.0 
740	318.0 
603	318.0 
687	318.0 
721	318.0 
612	318.0 
532	318.0 
657	318.0 
343	663.0 
166	663.0 
315	663.0 
99	663.0 
268	663.0 
393	663.0 
100	663.0 
409	663.0 
249	663.0 
239	663.0 
118	663.0 
423	663.0 
309	663.0 
336	663.0 
94	663.0 
310	663.0 
395	663.0 
557	885.0 
557	934.0 
557	839.0 
557	905.0 
557	890.0 
557	908.0 
557	948.0 
557	951.0 
557	872.0 
557	894.0 
557	957.0 
906	290.0 
906	308.0 
906	294.0 
906	525.0 
906	329.0 
778	352.0 
778	785.0 
778	613.0 
778	839.0 
778	512.0 
778	479.0 
778	733.0 
778	718.0 
778	385.0 
778	350.0 
778	402.0 
778	713.0 
778	740.0 
778	772.0 
778	437.0 
778	616.0 
778	694.0 
778	656.0 
778	525.0 
778	849.0 
343	533.0 
343	352.0 
343	308.0 
343	243.0 
343	608.0 
343	669.0 
343	187.0 
343	491.0 
343	575.0 
343	509.0 
343	512.0 
343	408.0 
343	290.0 
343	714.0 
343	221.0 
343	583.0 
343	718.0 
343	528.0 
343	384.0 
343	699.0 
343	244.0 
343	713.0 
343	170.0 
343	476.0 
343	616.0 
343	656.0 
343	525.0 
343	329.0 
343	494.0 
343	284.0 
343	717.0 
343	681.0 
800	613.0 
800	512.0 
800	479.0 
800	290.0 
800	435.0 
800	385.0 
800	350.0 
800	402.0 
800	308.0 
800	294.0 
800	437.0 
800	616.0 
800	656.0 
800	525.0 
800	329.0 
800	284.0 
800	166.0 
315	533.0 
349	533.0 
358	533.0 
301	533.0 
268	533.0 
393	533.0 
412	533.0 
409	533.0 
249	533.0 
239	533.0 
490	533.0 
423	533.0 
309	533.0 
336	533.0 
310	533.0 
518	533.0 
222	839.0 
222	872.0 
222	802.0 
926	142 
926	143 
926	144 
926	145 
926	146 
926	147 
926	148 
926	149 
926	150 
926	151 
926	152 
926	153 
926	154 
926	155 
926	156 
926	157 
926	158 
926	159 
926	160 
926	161 
926	162 
926	163 
926	164 
926	165 
926	166 
926	167 
926	168 
926	169 
926	170 
926	171 
926	172 
926	173 
926	174 
926	175 
926	176 
926	177 
926	178 
926	179 
926	180 
926	181 
926	182 
926	183 
926	184 
926	185 
926	186 
926	187 
926	188 
926	189 
926	190 
926	191 
926	192 
926	193 
926	194 
926	195 
926	196 
926	197 
926	198 
362	352.0 
625	352.0 
695	352.0 
349	352.0 
600	352.0 
358	352.0 
400	352.0 
748	352.0 
393	352.0 
546	352.0 
492	352.0 
409	352.0 
571	352.0 
755	352.0 
740	352.0 
340	352.0 
603	352.0 
423	352.0 
687	352.0 
309	352.0 
721	352.0 
612	352.0 
389	352.0 
532	352.0 
548	352.0 
336	352.0 
310	352.0 
657	352.0 
463	95.0 
463	53.0 
463	131.0 
463	115.0 
463	83.0 
463	65.0 
695	95.0 
600	95.0 
740	95.0 
603	95.0 
649	95.0 
729	95.0 
832	95.0 
834	95.0 
531	53.0 
362	308.0 
245	308.0 
349	308.0 
358	308.0 
301	308.0 
268	308.0 
400	308.0 
393	308.0 
492	308.0 
409	308.0 
249	308.0 
244	308.0 
239	308.0 
340	308.0 
219	308.0 
179	308.0 
180	308.0 
181	308.0 
182	308.0 
183	308.0 
184	308.0 
185	308.0 
186	308.0 
187	308.0 
188	308.0 
189	308.0 
190	308.0 
191	308.0 
192	308.0 
193	308.0 
194	308.0 
195	308.0 
196	308.0 
197	308.0 
198	308.0 
199	308.0 
200	308.0 
201	308.0 
202	308.0 
203	308.0 
204	308.0 
205	308.0 
206	308.0 
207	308.0 
208	308.0 
209	308.0 
210	308.0 
211	308.0 
212	308.0 
213	308.0 
214	308.0 
215	308.0 
216	308.0 
217	308.0 
218	308.0 
220	308.0 
221	308.0 
222	308.0 
223	308.0 
224	308.0 
225	308.0 
226	308.0 
227	308.0 
228	308.0 
229	308.0 
230	308.0 
231	308.0 
232	308.0 
233	308.0 
234	308.0 
235	308.0 
236	308.0 
237	308.0 
238	308.0 
240	308.0 
241	308.0 
242	308.0 
243	308.0 
246	308.0 
247	308.0 
248	308.0 
250	308.0 
251	308.0 
252	308.0 
253	308.0 
254	308.0 
255	308.0 
256	308.0 
257	308.0 
258	308.0 
259	308.0 
260	308.0 
261	308.0 
262	308.0 
263	308.0 
264	308.0 
265	308.0 
266	308.0 
267	308.0 
269	308.0 
270	308.0 
271	308.0 
272	308.0 
273	308.0 
274	308.0 
275	308.0 
276	308.0 
277	308.0 
278	308.0 
279	308.0 
280	308.0 
281	308.0 
282	308.0 
283	308.0 
284	308.0 
285	308.0 
286	308.0 
287	308.0 
288	308.0 
289	308.0 
290	308.0 
291	308.0 
292	308.0 
293	308.0 
294	308.0 
295	308.0 
296	308.0 
297	308.0 
298	308.0 
299	308.0 
300	308.0 
302	308.0 
303	308.0 
304	308.0 
305	308.0 
307	308.0 
308	308.0 
309	308.0 
310	308.0 
311	308.0 
312	308.0 
313	308.0 
314	308.0 
315	308.0 
316	308.0 
317	308.0 
318	308.0 
319	308.0 
320	308.0 
321	308.0 
322	308.0 
323	308.0 
324	308.0 
325	308.0 
326	308.0 
327	308.0 
328	308.0 
329	308.0 
330	308.0 
331	308.0 
332	308.0 
333	308.0 
334	308.0 
335	308.0 
336	308.0 
337	308.0 
338	308.0 
339	308.0 
341	308.0 
342	308.0 
344	308.0 
345	308.0 
346	308.0 
347	308.0 
348	308.0 
350	308.0 
351	308.0 
352	308.0 
353	308.0 
355	308.0 
356	308.0 
357	308.0 
359	308.0 
360	308.0 
361	308.0 
363	308.0 
364	308.0 
365	308.0 
366	308.0 
367	308.0 
368	308.0 
369	308.0 
370	308.0 
371	308.0 
372	308.0 
373	308.0 
374	308.0 
375	308.0 
376	308.0 
377	308.0 
378	308.0 
379	308.0 
380	308.0 
381	308.0 
382	308.0 
383	308.0 
384	308.0 
385	308.0 
386	308.0 
387	308.0 
388	308.0 
389	308.0 
390	308.0 
391	308.0 
392	308.0 
394	308.0 
395	308.0 
396	308.0 
397	308.0 
398	308.0 
399	308.0 
401	308.0 
402	308.0 
403	308.0 
404	308.0 
405	308.0 
406	308.0 
407	308.0 
408	308.0 
410	308.0 
411	308.0 
412	308.0 
413	308.0 
414	308.0 
415	308.0 
416	308.0 
417	308.0 
418	308.0 
419	308.0 
420	308.0 
421	308.0 
422	308.0 
423	308.0 
424	308.0 
425	308.0 
426	308.0 
427	308.0 
428	308.0 
429	308.0 
430	308.0 
431	308.0 
432	308.0 
433	308.0 
434	308.0 
435	308.0 
436	308.0 
438	308.0 
439	308.0 
440	308.0 
441	308.0 
442	308.0 
443	308.0 
444	308.0 
445	308.0 
446	308.0 
447	308.0 
448	308.0 
449	308.0 
450	308.0 
451	308.0 
452	308.0 
453	308.0 
454	308.0 
455	308.0 
456	308.0 
457	308.0 
458	308.0 
459	308.0 
460	308.0 
461	308.0 
462	308.0 
463	308.0 
464	308.0 
465	308.0 
466	308.0 
467	308.0 
468	308.0 
469	308.0 
470	308.0 
471	308.0 
472	308.0 
473	308.0 
474	308.0 
475	308.0 
476	308.0 
477	308.0 
478	308.0 
479	308.0 
480	308.0 
481	308.0 
482	308.0 
483	308.0 
484	308.0 
485	308.0 
486	308.0 
487	308.0 
488	308.0 
489	308.0 
490	308.0 
491	308.0 
493	308.0 
494	308.0 
495	308.0 
496	308.0 
497	308.0 
498	308.0 
499	308.0 
500	308.0 
501	308.0 
502	308.0 
503	308.0 
504	308.0 
505	308.0 
506	308.0 
507	308.0 
508	308.0 
509	308.0 
510	308.0 
512	308.0 
513	308.0 
514	308.0 
515	308.0 
516	308.0 
657	907.0 
362	408.0 
362	290.0 
362	384.0 
362	329.0 
362	284.0 
349	243.0 
301	243.0 
268	243.0 
393	243.0 
492	243.0 
409	243.0 
249	243.0 
340	243.0 
423	243.0 
309	243.0 
532	243.0 
336	243.0 
310	243.0 
209	839.0 
209	775.0 
209	802.0 
625	575.0 
625	512.0 
625	408.0 
625	479.0 
625	528.0 
625	384.0 
625	385.0 
625	350.0 
625	308.0 
625	476.0 
625	437.0 
625	562.0 
625	525.0 
625	329.0 
625	345.0 
773	785.0 
739	785.0 
740	785.0 
741	785.0 
742	785.0 
743	785.0 
744	785.0 
745	785.0 
746	785.0 
747	785.0 
748	785.0 
749	785.0 
750	785.0 
751	785.0 
752	785.0 
753	785.0 
754	785.0 
755	785.0 
756	785.0 
757	785.0 
758	785.0 
759	785.0 
760	785.0 
761	785.0 
762	785.0 
763	785.0 
764	785.0 
765	785.0 
766	785.0 
767	785.0 
768	785.0 
769	785.0 
770	785.0 
771	785.0 
772	785.0 
774	785.0 
775	785.0 
776	785.0 
777	785.0 
779	785.0 
780	785.0 
781	785.0 
782	785.0 
783	785.0 
784	785.0 
785	785.0 
786	785.0 
835	785.0 
315	608.0 
358	608.0 
268	608.0 
393	608.0 
546	608.0 
409	608.0 
549	608.0 
249	608.0 
239	608.0 
184	608.0 
423	608.0 
309	608.0 
548	608.0 
336	608.0 
310	608.0 
395	608.0 
518	608.0 
669	512.0 
669	408.0 
669	479.0 
669	528.0 
669	476.0 
669	437.0 
669	562.0 
669	525.0 
393	669.0 
409	669.0 
423	669.0 
336	669.0 
395	669.0 
287	915.0 
264	915.0 
249	915.0 
118	915.0 
882	613.0 
882	839.0 
882	718.0 
882	740.0 
882	694.0 
882	525.0 
882	616.0 
330	839.0 
330	714.0 
330	718.0 
330	699.0 
330	713.0 
330	775.0 
330	802.0 
330	717.0 
773	613.0 
773	839.0 
773	512.0 
773	479.0 
773	733.0 
773	718.0 
773	713.0 
773	740.0 
773	772.0 
773	476.0 
773	437.0 
773	616.0 
773	694.0 
773	656.0 
773	525.0 
773	849.0 
245	187.0 
349	187.0 
301	187.0 
439	187.0 
409	187.0 
249	187.0 
239	187.0 
423	187.0 
211	187.0 
310	187.0 
166	491.0 
166	131.0 
166	680.0 
166	703.0 
166	714.0 
166	318.0 
166	699.0 
166	308.0 
166	476.0 
166	656.0 
166	83.0 
166	329.0 
166	494.0 
166	284.0 
166	681.0 
245	491.0 
245	131.0 
245	290.0 
245	318.0 
245	384.0 
245	244.0 
245	151.0 
245	476.0 
245	266.0 
245	329.0 
245	494.0 
245	284.0 
919	525.0 
918	832 
918	831 
918	830 
918	829 
918	828 
918	827 
918	826 
918	825 
918	824 
918	823 
918	822 
918	821 
918	820 
918	819 
918	818 
918	817 
918	816 
918	815 
918	814 
918	813 
918	812 
918	811 
918	810 
918	809 
918	808 
918	807 
918	806 
918	805 
918	804 
918	803 
918	802 
918	801 
918	800 
918	799 
918	798 
918	797 
918	796 
918	795 
918	794 
918	793 
918	792 
918	791 
918	790 
918	789 
918	788 
918	787 
918	786 
918	785 
918	784 
918	783 
918	782 
918	781 
918	780 
918	779 
918	778 
918	777 
918	776 
918	775 
918	774 
918	773 
918	772 
918	771 
918	770 
918	769 
918	768 
918	767 
918	766 
918	765 
918	764 
918	763 
918	762 
918	761 
918	760 
918	759 
918	758 
918	757 
918	756 
918	755 
918	754 
918	753 
918	752 
918	751 
918	750 
918	749 
918	748 
918	747 
918	746 
918	745 
918	744 
918	743 
918	742 
918	741 
918	740 
918	739 
918	738 
918	737 
918	736 
918	735 
918	734 
918	733 
918	732 
918	731 
918	730 
918	729 
918	728 
918	727 
918	726 
918	725 
918	724 
918	723 
918	722 
918	721 
918	720 
918	719 
918	718 
918	717 
918	716 
918	715 
918	714 
918	713 
918	712 
918	711 
918	710 
918	709 
918	708 
918	707 
918	706 
918	705 
918	704 
918	703 
918	702 
918	701 
918	700 
918	699 
918	698 
918	697 
918	696 
918	695 
918	694 
918	693 
918	692 
918	691 
918	690 
918	689 
918	688 
918	687 
918	686 
918	685 
918	684 
918	683 
918	682 
918	681 
918	680 
918	679 
918	678 
918	677 
918	676 
918	675 
918	674 
918	673 
918	672 
918	671 
918	670 
918	669 
918	668 
918	667 
918	666 
918	665 
918	664 
918	663 
918	662 
918	661 
918	660 
918	659 
918	658 
918	657 
918	656 
918	655 
918	654 
918	653 
918	652 
918	651 
918	650 
918	649 
918	648 
918	647 
918	646 
918	645 
918	644 
918	643 
918	642 
918	641 
918	640 
918	639 
918	638 
918	637 
918	636 
918	635 
918	634 
918	633 
918	632 
918	631 
918	630 
918	629 
918	628 
918	627 
918	626 
918	625 
918	624 
918	623 
918	622 
918	621 
918	620 
918	619 
918	618 
918	617 
918	718.0 
918	872.0 
918	740.0 
918	525.0 
918	894.0 
790	613.0 
790	512.0 
790	479.0 
790	733.0 
790	718.0 
790	385.0 
790	350.0 
790	402.0 
790	308.0 
790	713.0 
790	740.0 
790	772.0 
790	775 
790	774 
790	773 
790	772 
790	771 
790	770 
790	769 
790	768 
790	767 
790	766 
790	765 
790	764 
790	763 
790	762 
790	761 
790	760 
790	759 
790	758 
790	757 
790	756 
790	755 
790	754 
790	753 
790	752 
790	751 
790	750 
790	749 
790	748 
790	747 
790	746 
790	745 
790	744 
790	743 
790	742 
790	741 
790	740 
790	739 
790	738 
790	737 
790	736 
790	735 
790	734 
790	733 
790	732 
790	731 
790	730 
790	729 
790	728 
790	727 
790	726 
790	725 
790	724 
790	723 
790	722 
790	721 
790	720 
790	719 
790	718 
790	717 
790	716 
790	715 
790	714 
790	713 
790	712 
790	711 
790	710 
790	709 
790	708 
790	707 
790	706 
790	705 
790	704 
790	703 
790	702 
790	701 
790	700 
790	699 
790	698 
790	697 
790	696 
790	695 
790	694 
790	693 
790	692 
790	691 
790	690 
790	689 
790	688 
790	687 
790	686 
790	685 
790	684 
790	683 
790	682 
790	681 
790	680 
790	679 
790	678 
790	677 
790	676 
790	675 
790	674 
790	673 
790	672 
790	671 
790	670 
790	669 
790	668 
790	667 
790	666 
790	665 
790	664 
790	663 
790	662 
790	661 
790	660 
790	659 
790	658 
790	657 
790	656 
790	655 
790	654 
790	653 
790	652 
790	651 
790	650 
790	649 
790	648 
790	647 
790	646 
790	645 
790	644 
790	643 
790	642 
790	641 
790	640 
790	639 
790	638 
790	637 
790	636 
790	635 
790	634 
790	633 
790	632 
790	631 
790	630 
790	629 
790	628 
790	627 
790	626 
790	625 
790	624 
790	623 
790	622 
790	621 
790	620 
790	619 
790	618 
790	617 
790	616 
790	615 
790	614 
790	613 
790	612 
790	611 
790	610 
790	609 
790	608 
790	607 
790	606 
790	605 
790	604 
790	603 
790	602 
790	601 
790	600 
790	599 
790	598 
790	597 
790	596 
790	595 
790	594 
790	593 
790	592 
790	591 
790	590 
790	589 
790	588 
790	587 
790	586 
790	585 
790	584 
790	583 
790	582 
790	581 
790	580 
790	579 
790	578 
790	577 
790	576 
790	575 
790	574 
790	573 
790	572 
790	571 
790	570 
790	569 
790	568 
790	567 
790	566 
790	565 
790	564 
790	563 
790	562 
790	561 
790	560 
790	559 
790	558 
790	557 
790	556 
790	555 
790	554 
790	553 
790	552 
790	551 
790	550 
790	549 
790	548 
790	547 
790	546 
790	545 
790	544 
790	543 
790	542 
790	541 
790	540 
790	539 
790	538 
790	537 
790	536 
790	535 
790	534 
790	533 
790	532 
790	531 
790	530 
790	529 
790	528 
790	527 
790	526 
790	525 
790	524 
790	523 
790	522 
790	521 
790	520 
790	519 
790	518 
790	517 
790	516 
790	515 
790	514 
790	513 
790	512 
790	511 
790	510 
790	509 
790	508 
790	507 
790	506 
790	505 
790	504 
790	503 
790	502 
790	501 
790	500 
790	499 
790	498 
790	497 
790	496 
790	495 
790	494 
790	493 
790	492 
790	491 
790	490 
790	489 
790	488 
790	487 
790	486 
790	485 
790	484 
790	483 
790	482 
790	481 
790	480 
790	479 
790	478 
790	477 
790	476 
790	475 
790	474 
790	473 
790	472 
790	471 
790	470 
790	469 
790	468 
790	467 
790	466 
790	465 
790	464 
790	463 
790	462 
790	461 
790	460 
790	459 
790	458 
790	457 
790	456 
790	455 
790	454 
790	453 
790	452 
790	451 
790	450 
790	449 
790	448 
790	447 
790	446 
790	445 
790	444 
790	443 
790	442 
790	441 
790	440 
790	439 
790	438 
790	437 
790	436 
790	435 
790	434 
790	433 
790	432 
790	431 
790	430 
790	429 
790	428 
790	427 
790	426 
790	425 
790	424 
790	423 
790	422 
790	421 
790	420 
790	419 
790	418 
790	417 
790	416 
790	415 
790	414 
790	413 
790	412 
790	411 
790	410 
790	409 
790	408 
790	407 
790	406 
790	405 
790	437.0 
790	616.0 
790	694.0 
790	656.0 
790	525.0 
790	329.0 
393	541.0 
412	541.0 
409	541.0 
423	541.0 
619	575.0 
619	613.0 
619	512.0 
619	740.0 
619	479.0 
619	714.0 
619	732.0 
619	583.0 
619	733.0 
619	718.0 
619	528.0 
619	652.0 
619	713.0 
619	707.0 
619	476.0 
619	562.0 
619	616.0 
619	656.0 
619	525.0 
688	575.0 
688	613.0 
688	512.0 
688	408.0 
688	479.0 
688	583.0 
688	528.0 
688	652.0 
688	476.0 
688	437.0 
688	562.0 
688	616.0 
688	656.0 
688	525.0 
785	885.0 
569	885.0 
416	885.0 
604	885.0 
657	885.0 
315	575.0 
315	512.0 
315	714.0 
315	583.0 
315	718.0 
315	528.0 
315	699.0 
315	616.0 
315	656.0 
315	525.0 
315	717.0 
315	681.0 
569	934.0 
657	934.0 
634	290.0 
634	308.0 
634	294.0 
634	329.0 
634	284.0 
785	893.0 
785	908.0 
785	894.0 
976	577.0 
99	491.0 
349	491.0 
358	491.0 
301	491.0 
268	491.0 
393	491.0 
412	491.0 
100	491.0 
546	491.0 
409	491.0 
549	491.0 
249	491.0 
239	491.0 
184	491.0 
118	491.0 
423	491.0 
309	491.0 
548	491.0 
336	491.0 
94	491.0 
310	491.0 
518	491.0 
375	491.0 
805	479.0 
99	885.0 
99	839.0 
99	699.0 
99	522.0 
99	775.0 
99	656.0 
99	494.0 
99	681.0 
695	512.0 
695	408.0 
695	479.0 
695	290.0 
695	140.0 
695	583.0 
695	528.0 
695	385.0 
695	115.0 
695	350.0 
695	308.0 
695	294.0 
695	476.0 
695	437.0 
695	562.0 
695	525.0 
695	329.0 
695	114.0 
695	284.0 
695	166.0 
833	290.0 
833	284.0 
600	53.0 
301	53.0 
409	53.0 
211	53.0 
729	53.0 
349	509.0 
349	131.0 
349	512.0 
349	408.0 
349	290.0 
349	221.0 
349	528.0 
349	384.0 
349	115.0 
349	244.0 
349	170.0 
349	151.0 
349	476.0 
349	525.0 
349	83.0 
349	329.0 
349	494.0 
349	284.0 
600	189.0 
603	189.0 
612	189.0 
600	575.0 
600	613.0 
600	131.0 
600	512.0 
600	408.0 
600	740.0 
600	479.0 
600	290.0 
600	714.0 
600	140.0 
600	583.0 
600	733.0 
600	718.0 
600	528.0 
600	384.0 
600	385.0 
600	652.0 
600	115.0 
600	308.0 
600	294.0 
600	713.0 
600	170.0 
600	707.0 
600	476.0 
600	437.0 
600	616.0 
600	656.0 
600	525.0 
600	83.0 
600	329.0 
600	494.0 
600	284.0 
600	166.0 
358	575.0 
268	575.0 
393	575.0 
412	575.0 
546	575.0 
409	575.0 
549	575.0 
571	575.0 
423	575.0 
309	575.0 
604	575.0 
548	575.0 
336	575.0 
310	575.0 
395	575.0 
657	575.0 
518	575.0 
245	839.0 
245	680.0 
245	714.0 
245	718.0 
245	699.0 
245	775.0 
245	872.0 
245	802.0 
245	717.0 
245	681.0 
358	509.0 
393	509.0 
412	509.0 
546	509.0 
409	509.0 
549	509.0 
571	509.0 
423	509.0 
548	509.0 
518	509.0 
393	613.0 
546	613.0 
409	613.0 
549	613.0 
703	613.0 
571	613.0 
732	613.0 
755	613.0 
740	613.0 
854	613.0 
423	613.0 
721	613.0 
604	613.0 
836	613.0 
548	613.0 
395	613.0 
657	613.0 
518	613.0 
875	525.0 
358	512.0 
358	408.0 
358	479.0 
358	290.0 
358	583.0 
358	528.0 
358	384.0 
358	476.0 
358	616.0 
358	525.0 
358	329.0 
358	494.0 
358	284.0 
926	290.0 
926	65.0 
926	294.0 
926	329.0 
118	885.0 
301	131.0 
409	131.0 
249	131.0 
239	131.0 
603	131.0 
211	131.0 
649	131.0 
532	131.0 
263	131.0 
94	131.0 
310	131.0 
301	512.0 
301	408.0 
301	290.0 
301	528.0 
301	384.0 
301	115.0 
301	244.0 
301	151.0 
301	476.0 
301	525.0 
301	83.0 
301	266.0 
301	65.0 
301	329.0 
301	494.0 
301	284.0 
835	839.0 
287	839.0 
264	839.0 
249	839.0 
703	839.0 
740	839.0 
911	839.0 
118	839.0 
309	839.0 
721	839.0 
416	839.0 
604	839.0 
336	839.0 
469	839.0 
395	839.0 
657	839.0 
94	174.0 
268	680.0 
249	680.0 
239	680.0 
268	290.0 
268	714.0 
268	318.0 
268	583.0 
268	718.0 
268	528.0 
268	384.0 
268	699.0 
268	244.0 
268	476.0 
268	616.0 
268	656.0 
268	266.0 
268	329.0 
268	494.0 
268	284.0 
268	717.0 
268	681.0 
630	512.0 
393	512.0 
412	512.0 
546	512.0 
409	512.0 
549	512.0 
571	512.0 
732	512.0 
755	512.0 
740	512.0 
423	512.0 
309	512.0 
721	512.0 
604	512.0 
612	512.0 
548	512.0 
336	512.0 
310	512.0 
657	512.0 
518	512.0 
400	408.0 
748	408.0 
393	408.0 
412	408.0 
546	408.0 
609	408.0 
409	408.0 
549	408.0 
571	408.0 
732	408.0 
740	408.0 
340	408.0 
749	408.0 
747	408.0 
746	408.0 
745	408.0 
744	408.0 
743	408.0 
742	408.0 
741	408.0 
739	408.0 
738	408.0 
737	408.0 
736	408.0 
735	408.0 
734	408.0 
733	408.0 
731	408.0 
730	408.0 
729	408.0 
728	408.0 
727	408.0 
726	408.0 
725	408.0 
724	408.0 
723	408.0 
722	408.0 
721	408.0 
720	408.0 
719	408.0 
718	408.0 
717	408.0 
716	408.0 
715	408.0 
714	408.0 
713	408.0 
712	408.0 
711	408.0 
710	408.0 
709	408.0 
708	408.0 
707	408.0 
706	408.0 
705	408.0 
704	408.0 
703	408.0 
702	408.0 
701	408.0 
700	408.0 
699	408.0 
698	408.0 
697	408.0 
696	408.0 
694	408.0 
693	408.0 
692	408.0 
691	408.0 
690	408.0 
689	408.0 
687	408.0 
686	408.0 
685	408.0 
684	408.0 
683	408.0 
682	408.0 
681	408.0 
680	408.0 
679	408.0 
678	408.0 
677	408.0 
676	408.0 
675	408.0 
674	408.0 
673	408.0 
672	408.0 
671	408.0 
670	408.0 
668	408.0 
667	408.0 
666	408.0 
665	408.0 
664	408.0 
663	408.0 
662	408.0 
661	408.0 
660	408.0 
659	408.0 
658	408.0 
657	408.0 
656	408.0 
655	408.0 
654	408.0 
653	408.0 
652	408.0 
651	408.0 
650	408.0 
649	408.0 
648	408.0 
647	408.0 
646	408.0 
645	408.0 
644	408.0 
643	408.0 
642	408.0 
641	408.0 
640	408.0 
639	408.0 
638	408.0 
637	408.0 
636	408.0 
635	408.0 
634	408.0 
633	408.0 
632	408.0 
631	408.0 
630	408.0 
629	408.0 
628	408.0 
627	408.0 
626	408.0 
624	408.0 
623	408.0 
622	408.0 
621	408.0 
620	408.0 
619	408.0 
618	408.0 
617	408.0 
616	408.0 
615	408.0 
614	408.0 
613	408.0 
612	408.0 
611	408.0 
610	408.0 
608	408.0 
607	408.0 
606	408.0 
605	408.0 
604	408.0 
603	408.0 
602	408.0 
601	408.0 
599	408.0 
598	408.0 
597	408.0 
596	408.0 
595	408.0 
594	408.0 
593	408.0 
592	408.0 
590	408.0 
588	408.0 
587	408.0 
586	408.0 
585	408.0 
584	408.0 
583	408.0 
582	408.0 
581	408.0 
580	408.0 
579	408.0 
578	408.0 
577	408.0 
576	408.0 
575	408.0 
574	408.0 
573	408.0 
572	408.0 
570	408.0 
569	408.0 
568	408.0 
567	408.0 
566	408.0 
565	408.0 
564	408.0 
563	408.0 
562	408.0 
561	408.0 
560	408.0 
559	408.0 
558	408.0 
557	408.0 
556	408.0 
555	408.0 
554	408.0 
553	408.0 
552	408.0 
551	408.0 
550	408.0 
548	408.0 
547	408.0 
545	408.0 
423	408.0 
309	408.0 
532	408.0 
336	408.0 
310	408.0 
375	408.0 
393	740.0 
571	740.0 
622	740.0 
621	740.0 
620	740.0 
618	740.0 
617	740.0 
616	740.0 
615	740.0 
614	740.0 
613	740.0 
612	740.0 
611	740.0 
610	740.0 
609	740.0 
608	740.0 
607	740.0 
606	740.0 
605	740.0 
416	740.0 
604	740.0 
548	740.0 
469	740.0 
395	740.0 
400	479.0 
400	290.0 
400	384.0 
400	476.0 
400	294.0 
400	329.0 
400	284.0 
630	479.0 
630	528.0 
630	476.0 
630	525.0 
835	733.0 
835	908.0 
835	740.0 
835	894.0 
835	849.0 
835	957.0 
393	479.0 
412	479.0 
546	479.0 
409	479.0 
549	479.0 
571	479.0 
732	479.0 
755	479.0 
740	479.0 
423	479.0 
721	479.0 
604	479.0 
612	479.0 
548	479.0 
657	479.0 
518	479.0 
375	479.0 
891	40.0 
729	40.0 
834	40.0 
748	290.0 
748	385.0 
748	350.0 
748	308.0 
748	294.0 
748	437.0 
748	329.0 
748	284.0 
393	290.0 
393	714.0 
393	583.0 
393	718.0 
393	528.0 
393	384.0 
393	699.0 
393	476.0 
393	294.0 
393	713.0 
393	775.0 
393	616.0 
393	656.0 
393	525.0 
393	329.0 
393	494.0 
393	284.0 
393	681.0 
569	905.0 
569	890.0 
569	908.0 
569	872.0 
569	894.0 
412	583.0 
412	528.0 
412	384.0 
412	476.0 
412	525.0 
412	494.0 
100	522.0 
100	656.0 
100	383 
100	384 
100	385 
100	386 
100	387 
100	388 
100	389 
100	390 
100	391 
100	392 
100	393 
100	394 
100	395 
100	396 
100	397 
100	398 
100	399 
100	400 
100	401 
100	402 
100	403 
100	404 
100	405 
100	406 
100	407 
100	408 
100	409 
100	410 
100	411 
100	412 
100	413 
100	414 
100	415 
100	416 
100	417 
100	418 
100	419 
100	420 
100	421 
100	422 
100	423 
100	424 
100	425 
100	426 
100	427 
100	428 
100	429 
100	430 
100	431 
100	432 
100	433 
100	434 
100	435 
100	436 
100	437 
100	438 
100	439 
100	440 
100	441 
100	442 
100	443 
100	444 
100	445 
100	446 
100	447 
100	448 
100	449 
100	450 
100	451 
100	452 
100	453 
100	454 
100	455 
100	456 
100	457 
100	458 
100	459 
100	460 
100	461 
100	462 
100	463 
100	464 
100	465 
100	466 
100	467 
100	468 
100	469 
100	470 
100	471 
100	472 
100	473 
100	474 
100	475 
100	476 
100	477 
100	478 
100	479 
100	480 
100	481 
100	482 
100	483 
100	484 
100	485 
100	486 
100	487 
100	488 
100	489 
100	490 
100	491 
100	492 
100	493 
100	494 
100	495 
100	496 
100	497 
100	498 
100	499 
100	500 
100	501 
100	502 
100	503 
100	504 
100	505 
100	506 
100	507 
100	508 
100	509 
100	510 
100	511 
100	512 
100	513 
100	514 
100	515 
100	516 
100	517 
100	518 
100	519 
100	520 
100	521 
100	522 
100	523 
100	524 
100	525 
100	526 
100	527 
100	528 
100	529 
100	530 
100	531 
100	532 
100	533 
100	534 
100	535 
100	536 
100	537 
100	538 
100	539 
100	540 
100	541 
100	542 
100	543 
100	544 
100	545 
100	546 
100	547 
100	548 
100	549 
100	550 
100	551 
100	552 
100	553 
100	554 
100	555 
100	556 
100	557 
100	558 
100	559 
100	560 
100	561 
100	562 
100	563 
100	564 
100	565 
100	566 
100	567 
100	568 
100	569 
100	570 
100	571 
100	572 
100	573 
100	574 
100	575 
100	576 
100	577 
100	578 
100	579 
100	580 
100	581 
100	582 
100	583 
100	584 
100	585 
100	586 
100	587 
100	588 
100	589 
100	590 
100	591 
100	592 
100	593 
100	594 
100	595 
100	596 
100	597 
100	598 
100	599 
100	600 
100	601 
100	602 
100	603 
100	604 
100	605 
100	606 
100	607 
100	608 
100	609 
100	610 
100	611 
100	612 
100	613 
100	614 
100	615 
100	616 
100	617 
100	618 
100	619 
100	620 
100	621 
100	622 
100	623 
100	624 
100	625 
100	626 
100	627 
100	628 
100	629 
100	630 
100	631 
100	632 
100	633 
100	634 
100	635 
100	636 
100	637 
100	638 
100	639 
100	640 
100	641 
100	642 
100	643 
100	644 
100	645 
100	646 
100	647 
100	648 
100	649 
100	650 
100	651 
100	652 
100	653 
100	654 
100	655 
100	656 
100	657 
100	658 
100	659 
100	660 
100	661 
100	662 
100	663 
100	664 
100	665 
100	666 
100	667 
100	668 
100	669 
100	670 
100	671 
100	672 
100	673 
100	674 
100	675 
100	676 
100	677 
100	678 
100	679 
100	680 
100	681 
100	682 
100	683 
100	684 
100	685 
100	494.0 
100	681.0 
546	290.0 
546	714.0 
546	583.0 
546	733.0 
546	718.0 
546	528.0 
546	384.0 
546	652.0 
546	308.0 
546	294.0 
546	713.0 
546	707.0 
546	476.0 
546	437.0 
546	616.0 
546	656.0 
546	525.0 
546	329.0 
546	494.0 
546	284.0 
546	681.0 
492	290.0 
492	294.0 
492	329.0 
492	284.0 
287	714.0 
287	905.0 
287	718.0 
287	890.0 
287	699.0 
287	775.0 
287	872.0 
287	802.0 
287	717.0 
381	988.0 
380	988.0 
379	988.0 
378	988.0 
377	988.0 
376	988.0 
375	988.0 
374	988.0 
373	988.0 
372	988.0 
371	988.0 
370	988.0 
369	988.0 
368	988.0 
367	988.0 
609	384.0 
609	385.0 
609	476.0 
609	437.0 
409	290.0 
409	714.0 
409	140.0 
409	583.0 
409	135.0 
409	528.0 
409	384.0 
409	706 
409	705 
409	704 
409	703 
409	702 
409	701 
409	700 
409	699 
409	698 
409	697 
409	696 
409	695 
409	694 
409	693 
409	692 
409	691 
409	690 
409	689 
409	688 
409	687 
409	686 
409	685 
409	684 
409	683 
409	682 
409	681 
409	680 
409	679 
409	678 
409	677 
409	676 
409	675 
409	674 
409	673 
409	672 
409	671 
409	670 
409	669 
409	668 
409	667 
409	666 
409	665 
409	664 
409	663 
409	662 
409	661 
409	660 
409	659 
409	658 
409	657 
409	656 
409	655 
409	654 
409	653 
409	652 
409	651 
409	650 
409	649 
409	648 
409	647 
409	646 
409	645 
409	644 
409	643 
409	642 
409	641 
409	640 
409	639 
409	638 
409	637 
409	636 
409	635 
409	634 
409	633 
409	632 
409	631 
409	630 
409	629 
409	628 
409	627 
409	626 
409	625 
409	624 
409	623 
409	622 
409	621 
409	620 
409	619 
409	618 
409	617 
409	616 
409	615 
409	614 
409	613 
409	612 
409	611 
409	610 
409	609 
409	608 
409	607 
409	606 
409	605 
409	604 
409	603 
409	602 
409	601 
409	600 
409	599 
409	598 
409	597 
409	596 
409	595 
409	594 
409	593 
409	592 
409	591 
409	590 
409	589 
409	588 
409	587 
409	586 
409	585 
409	584 
409	583 
409	582 
409	581 
409	580 
409	579 
409	578 
409	577 
409	576 
409	575 
409	574 
409	573 
409	572 
409	571 
409	570 
409	569 
409	568 
409	567 
409	566 
409	565 
409	564 
409	563 
409	562 
409	561 
409	560 
409	559 
409	558 
409	557 
409	556 
409	555 
409	554 
409	553 
409	552 
409	551 
409	550 
409	549 
409	548 
409	547 
409	546 
409	545 
409	544 
409	543 
409	542 
409	541 
409	540 
409	539 
409	538 
409	537 
409	536 
409	535 
409	534 
409	533 
409	532 
409	531 
409	530 
409	529 
409	528 
409	527 
409	526 
409	525 
409	524 
409	523 
409	115.0 
409	699.0 
409	476.0 
409	294.0 
409	713.0 
409	170.0 
409	83.0 
409	151.0 
409	616.0 
409	656.0 
409	525.0 
409	65.0 
409	329.0 
409	494.0 
409	284.0 
409	681.0 
249	290.0 
571	290.0 
244	290.0 
891	290.0 
755	290.0 
740	290.0 
239	290.0 
340	290.0 
603	290.0 
920	290.0 
219	290.0 
895	290.0 
898	290.0 
911	290.0 
423	290.0 
687	290.0 
309	290.0 
721	290.0 
612	290.0 
532	290.0 
336	290.0 
310	290.0 
657	290.0 
891	65.0 
895	65.0 
911	65.0 
943	65.0 
834	65.0 
986	412 
549	583.0 
549	528.0 
549	384.0 
549	652.0 
549	476.0 
549	437.0 
549	616.0 
549	656.0 
549	525.0 
549	494.0 
549	681.0 
958	294.0 
958	329.0 
958	577.0 
264	905.0 
264	890.0 
264	948.0 
264	951.0 
264	872.0 
264	802.0 
249	714.0 
249	318.0 
249	905.0 
249	718.0 
249	528.0 
249	890.0 
249	384.0 
249	115.0 
249	699.0 
249	244.0 
249	775.0 
249	151.0 
249	476.0 
249	656.0 
249	266.0 
249	872.0 
249	329.0 
249	494.0 
249	133 
249	134 
249	135 
249	136 
249	137 
249	138 
249	139 
249	140 
249	141 
249	142 
249	143 
249	144 
249	145 
249	146 
249	147 
249	148 
249	149 
249	150 
249	151 
249	152 
249	153 
249	154 
249	155 
249	156 
249	157 
249	158 
249	159 
249	160 
249	161 
249	162 
249	163 
249	164 
249	165 
249	166 
249	167 
249	168 
249	169 
249	170 
249	171 
249	172 
249	173 
249	174 
249	175 
249	176 
249	177 
249	284.0 
249	802.0 
249	717.0 
249	681.0 
703	714.0 
571	714.0 
239	714.0 
118	714.0 
309	714.0 
604	714.0 
548	714.0 
336	714.0 
310	714.0 
469	714.0 
395	714.0 
657	714.0 
703	732.0 
703	583.0 
703	733.0 
703	718.0 
703	784.0 
703	713.0 
703	740.0 
703	772.0 
703	804.0 
703	616.0 
703	694.0 
703	656.0 
703	849.0 
336	221.0 
571	583.0 
571	733.0 
571	718.0 
571	528.0 
571	384.0 
571	652.0 
571	308.0 
571	294.0 
571	713.0 
571	707.0 
571	476.0 
571	437.0 
571	616.0 
571	656.0 
571	525.0 
571	329.0 
571	494.0 
571	284.0 
244	318.0 
239	318.0 
219	318.0 
836	435.0 
732	732.0 
732	583.0 
732	733.0 
732	718.0 
732	713.0 
732	740.0 
732	772.0 
732	476.0 
732	437.0 
732	616.0 
732	694.0 
732	656.0 
732	525.0 
244	329.0 
721	732.0 
604	732.0 
657	732.0 
729	30.0 
891	35.0 
891	385.0 
891	308.0 
891	294.0 
891	329.0 
755	140.0 
740	140.0 
603	140.0 
687	140.0 
649	140.0 
729	140.0 
532	140.0 
416	905.0 
395	905.0 
657	905.0 
740	583.0 
423	583.0 
309	583.0 
721	583.0 
604	583.0 
548	583.0 
336	583.0 
310	583.0 
395	583.0 
657	583.0 
518	583.0 
755	385.0 
755	115.0 
755	350.0 
755	408.0 
755	402.0 
755	308.0 
755	294.0 
755	476.0 
755	437.0 
755	616.0 
755	656.0 
755	525.0 
755	329.0 
755	114.0 
755	284.0 
755	166.0 
740	733.0 
740	718.0 
740	385.0 
740	115.0 
740	784.0 
740	350.0 
740	308.0 
740	294.0 
740	713.0 
740	740.0 
740	772.0 
740	476.0 
740	437.0 
740	804.0 
740	616.0 
740	694.0 
740	656.0 
740	525.0 
740	83.0 
740	329.0 
740	114.0 
740	284.0 
740	166.0 
740	849.0 
721	733.0 
604	733.0 
836	733.0 
548	733.0 
469	733.0 
657	733.0 
239	718.0 
239	528.0 
239	384.0 
239	115.0 
239	699.0 
239	244.0 
239	775.0 
239	151.0 
239	476.0 
239	656.0 
239	83.0 
239	266.0 
239	329.0 
239	494.0 
239	580.0 
239	284.0 
239	802.0 
239	681.0 
340	384.0 
340	244.0 
340	476.0 
340	329.0 
340	284.0 
854	718.0 
911	718.0 
309	718.0 
721	718.0 
604	718.0 
836	718.0 
548	718.0 
336	718.0 
469	718.0 
395	718.0 
657	718.0 
603	115.0 
603	308.0 
603	294.0 
603	170.0 
603	83.0 
603	329.0 
603	284.0 
603	166.0 
532	135.0 
184	476.0 
184	494.0 
834	35.0 
490	528.0 
423	528.0 
309	528.0 
604	528.0 
612	528.0 
548	528.0 
336	528.0 
310	528.0 
657	528.0 
518	528.0 
118	890.0 
309	890.0 
416	890.0 
604	890.0 
395	890.0 
920	294.0 
920	329.0 
423	384.0 
309	384.0 
612	384.0 
389	384.0 
532	384.0 
548	384.0 
336	384.0 
310	384.0 
24	284.0 
895	385.0 
898	385.0 
721	385.0 
836	385.0 
612	385.0 
657	385.0 
219	266.0 
219	284.0 
854	713.0 
854	616.0 
854	694.0 
946	294.0 
946	329.0 
604	652.0 
548	652.0 
657	652.0 
211	115.0 
649	115.0 
729	115.0 
263	115.0 
310	115.0 
416	908.0 
395	908.0 
657	908.0 
721	784.0 
490	525.0 
118	699.0 
309	699.0 
336	699.0 
310	699.0 
395	699.0 
895	308.0 
895	294.0 
895	525.0 
895	329.0 
687	350.0 
721	350.0 
836	350.0 
657	350.0 
898	308.0 
898	294.0 
898	525.0 
898	329.0 
911	872.0 
911	308.0 
911	294.0 
911	740.0 
911	525.0 
911	329.0 
911	894.0 
118	244.0 
309	244.0 
532	244.0 
336	244.0 
310	244.0 
687	308.0 
721	308.0 
612	308.0 
532	308.0 
657	308.0 
423	476.0 
368	476.0 
369	476.0 
370	476.0 
371	476.0 
372	476.0 
373	476.0 
374	476.0 
375	476.0 
376	476.0 
377	476.0 
378	476.0 
379	476.0 
380	476.0 
381	476.0 
382	476.0 
383	476.0 
384	476.0 
385	476.0 
387	476.0 
388	476.0 
389	476.0 
390	476.0 
391	476.0 
392	476.0 
394	476.0 
395	476.0 
396	476.0 
397	476.0 
398	476.0 
399	476.0 
401	476.0 
402	476.0 
403	476.0 
404	476.0 
405	476.0 
406	476.0 
407	476.0 
408	476.0 
410	476.0 
411	476.0 
413	476.0 
414	476.0 
415	476.0 
416	476.0 
417	476.0 
418	476.0 
419	476.0 
420	476.0 
421	476.0 
422	476.0 
424	476.0 
425	476.0 
426	476.0 
427	476.0 
428	476.0 
429	476.0 
431	476.0 
432	476.0 
433	476.0 
434	476.0 
435	476.0 
436	476.0 
438	476.0 
439	476.0 
440	476.0 
441	476.0 
442	476.0 
443	476.0 
444	476.0 
445	476.0 
446	476.0 
447	476.0 
448	476.0 
449	476.0 
450	476.0 
451	476.0 
452	476.0 
453	476.0 
454	476.0 
455	476.0 
456	476.0 
457	476.0 
458	476.0 
459	476.0 
460	476.0 
461	476.0 
462	476.0 
463	476.0 
464	476.0 
465	476.0 
466	476.0 
467	476.0 
468	476.0 
469	476.0 
470	476.0 
472	476.0 
473	476.0 
474	476.0 
475	476.0 
476	476.0 
477	476.0 
478	476.0 
479	476.0 
480	476.0 
481	476.0 
482	476.0 
483	476.0 
484	476.0 
485	476.0 
486	476.0 
487	476.0 
488	476.0 
489	476.0 
490	476.0 
491	476.0 
492	476.0 
493	476.0 
494	476.0 
495	476.0 
496	476.0 
497	476.0 
498	476.0 
499	476.0 
500	476.0 
501	476.0 
502	476.0 
503	476.0 
504	476.0 
505	476.0 
506	476.0 
507	476.0 
508	476.0 
509	476.0 
510	476.0 
512	476.0 
513	476.0 
514	476.0 
515	476.0 
118	522.0 
118	775.0 
118	948.0 
118	656.0 
118	266.0 
118	872.0 
118	494.0 
118	284.0 
118	794 
118	793 
118	792 
118	791 
118	790 
118	789 
118	788 
118	787 
118	786 
118	785 
118	784 
118	783 
118	782 
118	781 
118	780 
118	779 
118	778 
118	777 
118	776 
118	775 
118	774 
118	773 
118	772 
118	771 
118	770 
118	769 
118	768 
118	767 
118	766 
118	765 
118	764 
118	763 
118	762 
118	761 
118	760 
118	759 
118	758 
118	757 
118	756 
118	755 
118	754 
118	753 
118	752 
118	751 
118	750 
118	749 
118	748 
118	747 
118	746 
118	745 
118	744 
118	743 
118	742 
118	741 
118	740 
118	739 
118	738 
118	737 
118	736 
118	735 
118	734 
118	733 
118	732 
118	731 
118	730 
118	729 
118	728 
118	727 
118	726 
118	725 
118	724 
118	723 
118	722 
118	721 
118	720 
118	719 
118	718 
118	717 
118	716 
118	715 
118	714 
118	713 
118	712 
118	711 
118	710 
118	709 
118	708 
118	707 
118	706 
118	705 
118	681.0 
423	294.0 
687	294.0 
721	294.0 
612	294.0 
532	294.0 
943	294.0 
657	294.0 
721	713.0 
604	713.0 
836	713.0 
548	713.0 
336	713.0 
469	713.0 
395	713.0 
657	713.0 
941	525.0 
941	577.0 
423	170.0 
649	170.0 
612	170.0 
532	170.0 
423	616.0 
423	656.0 
423	525.0 
423	329.0 
423	494.0 
423	284.0 
423	681.0 
94	522.0 
211	151.0 
211	83.0 
211	65.0 
687	329.0 
687	284.0 
687	345.0 
687	166.0 
721	740.0 
836	740.0 
657	740.0 
721	772.0 
657	772.0 
309	775.0 
309	476.0 
309	616.0 
309	656.0 
309	525.0 
309	266.0 
309	872.0 
309	329.0 
309	494.0 
309	284.0 
309	802.0 
309	717.0 
309	681.0 
391	83.0 
392	83.0 
393	83.0 
394	83.0 
395	83.0 
396	83.0 
397	83.0 
398	83.0 
399	83.0 
400	83.0 
401	83.0 
402	83.0 
403	83.0 
404	83.0 
405	83.0 
406	83.0 
407	83.0 
408	83.0 
410	83.0 
411	83.0 
412	83.0 
413	83.0 
414	83.0 
415	83.0 
416	83.0 
417	83.0 
418	83.0 
419	83.0 
420	83.0 
421	83.0 
422	83.0 
423	83.0 
424	83.0 
425	83.0 
426	83.0 
427	83.0 
428	83.0 
429	83.0 
430	83.0 
431	83.0 
432	83.0 
433	83.0 
434	83.0 
435	83.0 
436	83.0 
437	83.0 
438	83.0 
439	83.0 
440	83.0 
441	83.0 
442	83.0 
443	83.0 
444	83.0 
445	83.0 
446	83.0 
447	83.0 
448	83.0 
449	83.0 
450	83.0 
451	83.0 
452	83.0 
453	83.0 
454	83.0 
455	83.0 
456	83.0 
457	83.0 
458	83.0 
459	83.0 
460	83.0 
461	83.0 
462	83.0 
464	83.0 
465	83.0 
466	83.0 
467	83.0 
469	83.0 
470	83.0 
471	83.0 
472	83.0 
473	83.0 
474	83.0 
475	83.0 
476	83.0 
477	83.0 
478	83.0 
479	83.0 
480	83.0 
481	83.0 
482	83.0 
483	83.0 
721	476.0 
721	437.0 
721	804.0 
721	562.0 
721	616.0 
721	694.0 
721	656.0 
721	525.0 
721	329.0 
721	284.0 
604	707.0 
548	707.0 
657	707.0 
416	775.0 
336	775.0 
469	775.0 
395	775.0 
532	151.0 
263	151.0 
310	151.0 
416	872.0 
416	894.0 
604	476.0 
612	476.0 
548	476.0 
336	476.0 
310	476.0 
657	476.0 
518	476.0 
604	437.0 
604	562.0 
604	616.0 
604	656.0 
604	525.0 
604	872.0 
604	494.0 
604	894.0 
612	437.0 
532	437.0 
548	437.0 
657	437.0 
395	948.0 
834	26.0 
836	616.0 
836	694.0 
836	525.0 
649	166.0 
657	804.0 
612	525.0 
612	329.0 
612	284.0 
612	166.0 
40	284.0 
657	562.0 
848	957.0 
910	525.0 
548	616.0 
336	616.0 
310	616.0 
395	616.0 
657	616.0 
518	616.0 
841	616.0 
842	616.0 
843	616.0 
844	616.0 
845	616.0 
846	616.0 
847	616.0 
848	616.0 
849	616.0 
850	616.0 
851	616.0 
852	616.0 
853	616.0 
855	616.0 
856	616.0 
857	616.0 
858	616.0 
859	616.0 
860	616.0 
861	616.0 
862	616.0 
863	616.0 
864	616.0 
657	694.0 
548	656.0 
336	656.0 
94	656.0 
310	656.0 
395	656.0 
657	656.0 
389	329.0 
395	951.0 
548	525.0 
336	525.0 
310	525.0 
657	525.0 
518	525.0 
729	83.0 
263	83.0 
729	114.0 
729	166.0 
336	266.0 
310	266.0 
469	872.0 
395	872.0 
657	872.0 
532	329.0 
336	329.0 
310	329.0 
943	329.0 
657	329.0 
548	494.0 
336	494.0 
310	494.0 
518	494.0 
375	494.0 
532	284.0 
532	435.0 
532	166.0 
395	894.0 
657	894.0 
548	681.0 
336	284.0 
336	802.0 
336	717.0 
336	681.0 
94	284.0 
94	222.0 
310	284.0 
657	284.0 
395	802.0 
310	681.0 
657	345.0 
518	435.0 
657	849.0 
395	681.0 
395	957.0 

5181
............

Finished in 1.4 seconds (1.4s on load, 0.00s on tests)
12 tests, 0 failures

Randomized with seed 801540
